0.00
100.95
530.32
1078.50
1140.07
1058.10
1141.00
1049.36
1028.77
741.17
916.19
1138.21
1073.54
1014.83
1039.48
1068.34
1057.30
941.27
516.92
1007.76
999.83
1092.27
801.97
822.90
905.90
1030.54
1029.02
1021.01
849.91
953.68
980.89
869.65
802.89
1003.18
950.01
1008.73
1013.85
743.80
861.25
905.31
870.37
863.03
386.61
653.73
540.99
554.00
899.68
679.79
791.08
850.43
819.36
922.03
701.27
671.41
411.09
1055.44
657.52
390.90
101.37
430.14
991.80
978.38
423.67
276.32
878.94
969.11
933.52
96.18
929.79
1004.86
1087.73
874.00
1000.79
993.91
883.20
482.49
754.10
770.30
899.87
989.92
1038.97
973.83
1078.78
952.60
986.66
1088.58
1165.73
1169.96
984.12
632.63
339.26
954.99
1114.62
393.76
690.65
489.93
978.15
1058.37
912.40
808.93
816.17
727.93
1005.11
876.74
872.36
837.69
848.71
1043.36
898.91
900.26
927.94
617.26
373.56
550.80
697.42
756.14
868.57
747.78
944.03
935.60
855.98
968.66
747.25
1054.64
1099.14
798.61
688.83
1093.98
1092.84
882.83
291.35
560.96
121.40
535.47
359.41
203.96
392.98
1028.27
605.41
474.04
464.54
589.67
127.15
321.72
360.58
754.37
490.05
68.34
558.12
864.09
23.11
339.34
140.44
55.15
70.58
350.84
55.55
205.34
180.25
693.62
739.21
265.40
122.18
210.29
828.10
553.05
764.27
161.16
593.76
918.80
983.19
459.15
596.37
400.07
400.60
957.39
1013.36
115.38
612.84
161.90
939.79
437.36
685.12
560.44
617.08
312.91
982.04
900.84
152.59
149.73
119.07
785.89
711.02
169.42
214.77
1026.51
340.31
703.15
962.00
134.92
90.46
51.47
165.63
950.01
904.14
380.09
184.24
21.46
98.88
37.27
30.86
583.35
784.72
987.59
965.76
724.15
541.41
981.81
956.51
908.25
799.98
46.18
542.25
65.04
63.29
60.42
134.75
611.06
639.08
41.61
131.54
66.19
154.93
433.39
120.51
23.20
442.30
79.20
264.39
18.38
38.57
389.91
26.74
73.40
51.23
49.90
126.88
625.36
628.36
79.37
32.92
126.79
596.97
32.49
65.25
64.77
120.72
42.17
654.85
653.62
720.30
82.01
637.04
665.23
55.83
592.92
143.35
680.23
100.50
79.81
109.05
118.30
141.83
382.69
569.03
691.10
735.46
141.27
77.15
43.06
51.73
62.38
701.74
52.78
115.39
150.32
758.33
64.54
42.01
141.63
164.99
27.52
136.43
640.65
675.96
689.06
105.58
41.15
78.63
64.54
60.17
34.13
49.86
51.51
57.13
691.79
55.20
147.10
146.79
731.10
579.48
526.06
280.33
45.20
702.92
137.82
48.07
54.96
459.45
56.71
51.63
79.16
35.72
36.70
522.33
744.86
739.74
762.74
113.32
290.08
36.59
849.57
48.06
200.74
752.21
988.29
895.07
788.70
263.15
978.38
120.88
154.98
1005.83
909.63
305.31
758.74
734.68
868.21
313.43
736.88
419.18
635.79
198.55
770.59
956.51
906.09
839.03
670.12
251.56
858.78
967.10
988.76
1035.12
759.84
817.92
913.99
978.61
943.39
943.18
1107.85
733.27
168.78
441.88
778.74
683.78
288.19
244.61
955.42
841.89
913.79
705.28
886.56
976.56
284.75
906.68
127.88
997.69
996.04
1067.52
1013.85
257.02
970.90
980.66
649.98
229.64
870.91
1003.90
1053.05
877.84
876.74
51.37
942.54
914.39
698.93
785.16
896.79
772.72
897.95
1000.31
922.23
915.79
138.54
90.37
226.19
231.36
931.65
873.63
425.64
546.99
206.19
223.83
994.38
963.54
944.66
828.42
988.29
872.36
1103.76
1012.63
894.31
1076.29
970.23
208.35
847.85
1028.02
925.69
173.72
965.10
979.98
207.51
832.53
802.89
679.13
252.24
695.80
174.33
448.78
215.59
844.26
450.90
1005.83
1026.76
752.21
856.85
211.36
972.48
491.83
93.94
698.47
1057.30
1196.66
849.05
963.32
854.76
808.46
592.67
811.12
750.05
621.19
273.05
719.68
593.51
872.00
942.33
977.47
181.46
719.93
804.12
934.35
976.56
964.65
592.33
1025.50
1084.64
1050.41
1010.19
845.46
224.11
76.24
770.87
963.99
951.74
903.94
679.24
738.04
938.32
1099.14
940.22
706.94
179.23
452.07
162.81
723.03
227.59
634.64
113.95
945.51
680.56
169.26
216.85
693.50
116.87
653.62
209.55
886.18
1101.16
1113.43
651.29
1023.00
733.01
123.38
772.29
947.01
870.37
247.89
475.76
408.92
99.34
140.16
214.15
982.96
958.92
1086.33
1033.08
1000.31
738.04
399.34
1017.05
463.25
566.87
134.11
286.85
127.20
919.00
838.19
963.76
952.39
419.60
539.25
647.77
239.46
777.73
220.49
595.27
207.13
717.59
815.22
880.79
818.88
603.41
608.66
912.40
120.01
651.69
1034.10
1082.68
1109.90
1037.17
179.17
724.28
1033.84
1018.03
1062.39
1014.34
889.00
197.84
399.50
98.72
816.49
762.74
179.34
205.95
863.03
165.70
137.37
564.13
724.66
856.33
827.28
893.36
764.69
773.71
460.31
460.71
104.08
142.89
625.92
720.67
910.82
989.69
1043.36
1015.08
1072.99
1073.54
1011.41
828.10
937.07
791.53
867.49
819.20
216.72
947.44
994.85
170.31
436.04
811.91
869.65
986.66
961.11
1028.77
204.21
715.87
191.06
802.28
871.63
665.97
614.01
784.13
105.15
844.77
844.60
843.42
799.07
893.17
688.61
1102.60
824.35
165.45
892.22
708.14
151.41
757.09
880.05
608.49
642.12
982.04
874.91
871.45
1086.61
982.27
967.32
686.47
913.79
1136.05
1090.00
1068.88
954.77
824.68
645.67
903.94
784.28
855.11
850.08
905.90
145.75
865.16
958.92
1146.61
894.50
872.72
183.00
1092.84
957.82
1000.79
751.80
654.64
870.55
557.38
149.34
895.07
702.68
745.92
293.49
902.58
905.90
916.39
399.61
940.85
935.18
810.02
913.59
50.18
698.12
582.14
772.01
1044.14
1068.88
1038.19
679.57
534.85
608.31
876.74
127.77
932.07
980.66
1107.85
996.75
756.14
38.40
49.60
29.35
130.45
136.57
919.40
912.60
398.66
58.10
117.52
932.27
912.80
831.87
138.23
55.50
509.51
354.43
963.10
166.98
223.97
710.54
658.86
118.40
971.13
812.53
883.94
574.09
581.90
787.22
960.23
789.74
971.80
891.84
760.66
888.06
837.86
960.89
985.04
953.68
736.49
554.00
677.59
417.18
145.90
146.53
182.08
1039.48
921.62
813.16
804.74
868.75
107.70
948.08
556.94
947.65
41.62
127.58
143.64
64.57
155.33
61.01
118.53
32.97
155.07
57.00
455.51
591.41
907.07
876.74
502.67
519.87
63.67
424.31
104.58
142.22
129.62
829.24
905.12
622.12
547.42
131.58
891.08
942.12
182.11
295.54
28.90
38.89
29.17
99.31
612.13
1049.10
986.43
1091.98
1031.56
57.38
383.08
172.19
53.38
877.65
1047.53
815.22
999.36
939.37
732.76
166.29
857.03
71.52
653.32
953.68
171.58
820.80
625.46
786.33
934.77
770.30
773.57
65.09
603.32
916.99
898.91
641.53
830.39
999.83
869.47
533.49
173.17
131.26
778.60
289.48
25.75
573.23
402.52
465.78
170.89
858.26
722.78
870.91
618.45
930.83
948.29
993.20
589.58
1002.94
1009.22
882.08
1001.03
626.20
819.20
761.35
355.87
559.69
569.65
969.11
1089.43
693.27
85.48
151.26
1042.58
820.00
982.73
1017.54
1033.59
103.40
833.86
915.19
999.36
916.79
1020.51
979.29
638.69
838.69
887.50
1003.42
932.48
872.72
876.55
844.94
940.64
819.20
464.33
720.92
1113.73
636.37
737.91
358.12
764.55
49.36
142.53
74.08
402.29
136.83
623.13
33.41
114.33
30.85
414.46
53.95
310.78
59.50
48.43
43.16
119.33
47.05
76.02
71.23
125.03
47.63
80.02
512.63
726.92
146.52
370.85
101.42
127.82
51.00
57.03
107.90
130.67
130.51
121.33
533.69
157.20
98.65
418.51
122.72
213.08
41.05
72.86
791.98
959.36
953.47
696.61
785.16
184.17
585.31
133.86
48.00
36.75
54.51
157.63
788.11
560.74
437.09
938.32
789.00
141.66
142.55
141.52
141.13
678.80
377.93
147.40
62.75
144.16
40.63
147.56
145.80
1120.27
144.43
989.69
311.40
810.02
496.13
128.46
89.82
149.59
686.02
21.53
43.68
125.18
607.87
878.94
72.09
563.60
793.17
47.16
141.78
37.53
584.82
141.56
131.78
148.96
135.76
49.38
78.72
38.00
78.81
53.97
73.36
41.80
48.20
402.18
83.27
80.97
941.06
747.65
451.53
548.99
43.76
36.94
71.19
76.87
135.09
133.50
79.74
83.08
45.19
30.80
81.99
55.92
811.43
24.94
57.65
75.75
57.09
79.60
43.96
81.24
58.39
64.07
59.40
677.48
39.28
137.01
56.94
274.60
402.18
33.14
123.21
32.41
78.51
359.56
54.81
566.64
33.06
51.96
49.78
24.46
80.73
53.64
141.01
38.63
25.17
119.46
252.65
839.70
22.27
25.99
76.05
44.61
908.45
872.00
978.38
1065.36
1012.63
1035.63
73.01
377.12
1036.91
528.38
927.74
757.64
693.04
956.51
680.12
714.17
1056.50
1053.05
1020.51
389.66
62.55
939.37
953.03
1079.06
1004.14
490.91
562.92
92.81
1017.79
837.52
686.24
550.29
939.16
1048.58
1050.15
1094.83
920.81
581.17
138.36
390.93
122.86
150.14
581.41
296.48
111.07
205.16
394.98
103.77
593.51
662.92
177.48
616.45
792.13
525.73
49.12
121.24
806.29
940.22
921.02
985.74
803.97
133.77
798.61
818.72
770.45
770.59
915.19
947.01
565.50
774.86
953.25
830.72
985.04
969.56
124.93
830.88
152.23
754.37
994.15
984.35
902.00
105.92
966.88
896.99
731.10
928.97
848.88
1024.25
899.87
863.38
870.19
174.23
882.45
988.29
996.27
989.69
894.88
708.86
133.54
246.22
636.18
892.79
1036.91
985.04
346.21
84.73
328.30
1024.75
694.31
988.06
792.13
626.30
120.35
481.66
186.36
872.18
1030.04
814.90
993.44
960.45
991.09
651.69
332.85
861.96
595.87
983.42
1017.05
791.68
192.58
758.88
1004.14
588.84
423.37
933.10
1028.02
972.03
666.29
980.21
985.50
1028.27
951.74
426.42
863.74
444.12
946.37
108.98
814.43
945.30
1024.75
868.21
478.26
1079.34
1138.83
1082.12
1086.89
1130.24
919.80
64.58
68.54
115.79
37.08
877.65
900.65
511.81
183.12
123.89
58.83
51.83
159.28
681.89
113.41
179.08
521.10
384.02
63.10
654.54
139.58
458.74
83.81
883.94
951.95
601.68
109.95
97.71
48.15
324.89
42.48
80.58
32.31
40.86
640.45
756.82
736.10
614.10
676.28
73.62
18.72
30.44
31.42
43.40
42.99
68.18
80.18
27.28
48.05
102.90
25.03
26.24
51.22
133.50
25.08
68.54
142.44
72.79
421.67
43.73
21.14
292.16
124.28
104.83
125.53
49.50
750.32
358.46
21.01
606.29
528.52
689.97
662.50
505.28
58.87
277.64
64.68
96.94
54.45
46.58
43.85
80.00
609.37
76.58
594.43
687.25
75.07
635.89
702.45
650.58
113.34
946.80
521.55
138.21
130.69
80.95
439.84
77.03
126.94
136.57
76.71
56.83
32.85
147.30
53.44
26.06
79.05
623.60
57.80
34.46
137.90
144.12
80.24
76.07
24.26
25.15
122.87
136.07
53.18
102.19
554.95
67.23
30.66
474.04
55.65
662.82
76.58
26.47
117.37
44.64
61.93
57.87
76.79
39.17
121.80
532.68
611.41
131.04
573.23
146.02
145.56
420.90
40.46
37.82
137.10
691.79
36.20
79.98
118.06
81.93
43.45
39.50
439.33
66.64
27.65
38.83
126.50
27.25
30.22
50.74
29.66
4.62
8.94
9.77
4.63
4.15
10.48
5.05
4.31
4.74
3.71
8.00
6.09
6.45
5.73
5.10
5.50
5.71
8.85
4.45
6.53
6.50
4.80
11.07
5.36
6.06
9.40
7.74
6.11
4.38
7.54
11.79
8.86
6.20
7.50
4.88
3.93
4.76
4.76
5.22
3.22
5.09
5.32
3.79
8.17
15.01
3.81
6.67
14.31
6.10
4.53
5.43
5.86
6.28
3.97
6.11
11.30
4.70
6.24
6.71
5.01
7.53
8.02
3.96
4.17
4.65
9.17
4.55
6.07
5.01
12.13
5.67
6.41
6.99
3.60
3.58
6.24
5.25
3.73
5.66
3.77
3.59
6.31
4.41
4.28
1.94
2.65
3.26
4.38
3.24
3.65
3.07
3.68
3.28
4.28
3.79
3.23
3.40
3.48
3.13
4.38
4.19
3.31
3.02
4.30
4.19
3.63
4.26
3.70
2.47
4.64
3.23
4.29
4.36
5.43
3.71
3.87
5.99
4.88
3.92
2.93
5.20
5.97
3.56
3.30
5.41
6.45
4.59
4.31
7.58
3.22
2.96
4.30
4.56
5.00
3.36
4.01
3.39
2.25
2.52
4.44
3.49
3.62
3.18
3.05
4.41
3.03
4.48
3.22
6.11
2.73
7.08
4.95
3.67
4.33
3.14
4.08
3.93
3.54
3.13
4.55
2.52
3.66
4.67
4.63
4.62
3.17
4.30
3.76
2.87
2.96
3.17
6.87
3.06
5.74
3.78
2.75
3.85
2.29
8.89
4.09
3.53
3.79
3.90
4.22
2.55
2.82
3.00
3.84
3.06
3.50
3.21
5.12
2.88
3.79
3.74
3.08
3.71
3.95
2.73
3.26
5.39
4.29
3.27
2.90
4.17
4.95
4.02
2.57
2.63
2.70
3.25
3.40
3.85
3.33
4.47
4.65
3.40
3.78
2.93
2.56
4.15
4.98
4.65
3.75
2.58
4.42
3.41
5.53
3.62
2.69
3.91
3.75
4.19
3.10
6.71
6.16
4.11
4.00
2.74
2.69
3.64
5.70
8.07
5.50
4.86
4.22
