0.00
190.11
1024.00
275.87
372.30
907.66
823.22
184.19
765.52
627.14
731.73
485.62
934.77
798.46
596.37
1242.39
1314.83
1259.55
1219.27
1075.19
1303.39
568.80
225.60
1270.62
932.90
1028.27
676.06
1013.12
1190.55
1305.82
985.74
1200.09
809.71
1394.85
1675.04
1617.55
1129.93
868.75
1077.12
1434.93
866.77
1412.22
1512.01
774.00
1345.19
885.81
779.90
1472.20
1495.30
776.44
208.56
794.98
1040.77
1565.62
1459.40
1356.06
409.00
1315.65
661.56
949.15
1250.91
984.81
1339.18
403.65
1292.15
1183.49
734.17
1272.16
1033.84
610.61
985.74
1008.49
878.94
285.42
1007.52
828.26
956.95
1147.87
1193.26
1215.04
886.75
1051.47
319.61
802.43
1428.58
750.59
1215.39
1199.06
933.10
1009.22
931.45
963.10
1238.35
974.51
1124.18
1020.76
1063.46
1115.80
1002.70
961.78
991.09
1313.59
1096.26
1097.41
878.57
964.21
973.38
1388.38
1216.45
1146.92
708.86
1403.72
1217.15
1383.80
533.42
1066.71
86.57
538.63
674.65
1371.14
587.11
460.41
989.46
944.88
806.75
230.42
961.56
1349.52
1338.75
1008.00
1403.72
1115.21
1099.14
1072.44
1068.34
701.98
1334.49
611.68
895.26
1100.29
1354.31
1441.34
1223.19
148.58
1189.20
662.71
342.17
293.39
742.49
1129.93
1019.27
1036.91
951.31
858.78
878.20
1054.91
991.09
1024.75
544.43
494.09
916.19
77.82
871.45
1130.24
1179.17
1102.89
1175.53
1191.23
1116.40
808.77
770.73
543.73
211.23
111.18
948.51
1040.00
1044.14
418.01
781.06
400.18
472.76
1185.50
1051.73
94.17
668.63
181.33
948.08
400.95
730.97
691.22
548.42
55.75
236.63
309.47
360.15
216.57
158.62
344.56
184.81
187.65
136.53
776.15
836.02
783.25
333.44
968.21
791.83
1034.35
1036.14
985.50
1071.62
976.56
412.26
722.91
239.51
521.49
358.52
748.85
439.19
129.03
387.39
1133.29
572.37
1162.50
449.74
821.77
297.81
815.22
758.60
825.49
1171.92
1136.98
1191.56
1075.19
1198.37
997.69
1197.00
1127.80
1201.12
960.45
1153.55
1048.05
1208.73
1080.45
908.05
1000.31
1089.43
1192.24
1094.83
1060.51
509.95
666.40
929.38
1084.92
1169.31
835.85
250.99
837.35
1000.79
1105.22
1226.40
1239.45
337.19
1021.26
1161.54
1042.32
1121.77
1033.08
507.36
1116.69
1048.31
411.29
925.89
996.27
864.98
1105.22
915.19
859.66
1110.19
766.22
836.52
877.47
1053.85
381.34
780.34
1206.65
857.20
1356.50
1215.39
1171.92
949.15
1017.79
1106.97
950.44
977.01
1122.67
1145.67
1061.58
765.94
994.62
191.29
859.31
878.76
1290.95
649.78
867.49
41.78
500.33
401.75
316.41
855.98
509.95
1098.85
1072.71
967.77
826.30
979.52
773.29
1034.61
863.20
869.11
914.59
299.94
185.20
514.89
706.71
597.48
706.11
246.68
891.84
981.12
896.41
903.17
966.65
1054.91
1072.99
812.53
1088.86
1048.58
1049.63
326.00
741.04
154.76
306.92
828.59
876.55
785.60
669.91
778.89
1033.33
294.69
877.29
902.78
313.71
379.99
152.74
164.83
929.18
580.85
815.54
632.05
648.07
1018.53
890.51
855.46
736.88
845.97
887.12
1037.68
463.15
1092.55
734.30
193.38
171.44
900.84
1008.49
1016.06
1079.06
999.60
828.59
561.56
288.57
607.69
85.51
501.77
259.77
918.19
879.86
1001.03
990.39
964.87
943.60
882.83
707.18
541.41
1009.70
1033.08
449.84
469.06
476.68
213.73
1085.20
819.52
855.98
1098.85
1373.83
1340.46
1066.98
994.85
193.39
668.73
735.97
1060.51
665.55
638.40
1085.76
1134.82
250.83
176.73
723.90
211.83
270.74
899.49
854.93
853.37
719.19
947.65
1027.26
1037.68
851.46
598.84
443.09
172.14
895.45
1071.34
1029.02
934.14
1026.00
999.83
861.08
876.74
1209.78
1244.60
1134.52
1279.14
1363.11
1189.54
990.62
1020.51
1175.53
303.63
676.06
1377.44
897.18
816.17
1117.59
1039.48
711.38
249.32
1149.44
929.79
1235.44
1022.75
1102.31
1083.52
459.05
962.66
1189.20
1331.10
1175.86
1158.97
144.42
953.25
916.79
705.40
986.90
360.03
195.57
918.39
1059.17
1062.39
1047.53
869.83
1050.41
1200.43
956.51
861.78
1154.50
1373.38
1134.82
1223.90
925.89
1155.77
1173.56
754.91
1395.31
1118.48
856.33
1296.94
1205.26
856.33
1205.26
695.46
230.80
1023.50
153.03
966.43
610.61
1235.44
512.69
1220.69
1145.98
982.27
1202.15
1123.27
833.20
1190.55
1136.98
1260.69
279.45
962.66
154.77
996.98
984.12
1365.78
798.46
1233.62
1019.52
859.14
957.17
225.19
907.66
1108.14
1064.27
1293.74
1003.66
892.79
944.88
263.13
119.80
94.69
532.00
728.56
995.80
958.70
951.31
1311.13
636.08
1128.11
682.22
1447.81
1255.03
182.80
565.80
926.10
966.65
1182.83
888.62
990.39
1151.96
1150.07
1094.26
1128.41
647.47
1309.08
194.29
978.38
915.19
1340.46
957.60
831.21
1276.03
1275.64
173.49
103.37
1002.46
1053.32
957.17
1100.87
1190.89
1196.32
1058.10
1097.12
876.00
812.85
985.50
1044.66
1115.80
1314.42
1103.76
186.36
786.19
642.71
119.34
808.31
1039.22
1214.68
1002.94
1387.92
1025.75
176.93
925.28
150.05
582.30
432.98
902.39
681.11
552.83
977.24
1228.56
633.68
484.78
1201.12
1198.03
169.02
157.25
132.23
640.45
174.10
41.62
645.77
978.61
962.88
1072.71
995.56
914.99
799.68
1011.16
1099.71
1031.30
947.44
416.72
994.38
439.38
180.39
738.56
1101.73
1499.04
1332.37
629.78
1187.18
490.85
211.27
450.32
393.13
93.09
166.70
132.72
154.45
145.56
197.53
40.30
54.78
1049.36
550.87
1028.27
78.83
349.88
196.92
945.73
1048.05
173.99
1019.52
93.02
248.24
708.38
1243.13
987.59
1038.19
177.27
955.20
876.74
558.05
1184.83
1168.33
1024.25
1070.79
1140.38
1135.74
1216.80
838.53
298.06
195.23
988.29
265.38
889.75
1200.43
996.51
108.28
1069.70
572.44
1254.65
1399.97
1360.90
1131.76
1054.64
898.91
1145.98
1170.94
1003.18
271.16
1040.51
794.38
1052.52
1234.71
1160.89
1093.12
850.77
1123.88
895.84
982.04
1202.84
1293.74
1140.38
1053.05
525.01
934.98
1177.51
1165.08
1219.27
1284.23
1337.04
1285.02
1219.98
113.50
925.89
586.53
1058.90
798.61
38.24
150.44
1035.89
647.27
1224.97
1122.37
855.63
746.18
1076.29
1159.29
1119.97
1042.84
201.18
874.91
1052.26
456.20
191.92
983.65
989.69
204.95
1007.76
196.20
745.52
913.39
1155.77
1113.14
1068.61
523.90
985.27
1337.90
956.08
499.02
195.13
900.45
1046.74
1030.79
1085.76
1140.69
1088.86
1218.92
1015.57
1091.13
805.20
1085.76
962.00
1020.51
1064.54
948.72
691.67
197.86
1003.18
1060.51
513.50
194.05
878.39
719.31
958.92
1125.69
953.68
817.13
184.40
1135.13
801.66
1210.48
1187.52
680.34
1045.18
1162.50
1167.35
543.94
648.57
627.14
255.89
170.62
938.53
1106.38
919.40
1018.03
1091.13
906.09
1106.09
941.91
1044.40
967.10
1184.50
62.52
1241.29
1310.72
953.47
736.36
1054.38
1072.44
1093.69
1092.27
1141.00
946.15
658.86
1181.83
1152.60
1043.62
957.60
1098.85
962.44
960.89
82.68
943.81
924.06
774.43
918.39
577.97
691.79
124.76
257.71
82.50
899.10
980.21
817.44
958.48
960.23
693.73
640.65
948.94
910.42
1070.25
151.16
74.50
1105.80
815.06
147.30
403.96
833.69
823.70
904.33
847.85
1133.90
462.08
922.64
939.58
159.50
145.71
146.57
945.94
857.56
94.23
942.54
86.01
67.38
674.43
486.80
169.07
239.20
897.95
982.73
72.40
404.35
1011.65
144.04
40.40
859.66
1006.07
81.14
761.77
52.49
180.21
684.67
912.20
983.19
923.45
746.32
531.66
521.81
26.31
31.73
78.80
44.90
916.39
148.55
796.64
1336.19
1451.82
1365.33
158.10
1119.38
76.59
59.93
440.39
76.22
42.65
57.33
99.46
86.87
539.67
82.38
95.59
86.02
132.10
96.27
52.43
409.56
94.59
615.09
30.79
82.08
84.70
353.41
155.33
81.78
47.20
151.62
58.75
80.61
755.59
744.60
140.50
73.56
56.73
682.78
65.40
40.28
518.14
34.34
82.88
154.98
51.23
150.93
85.62
52.71
82.66
42.68
107.73
145.79
41.81
67.07
44.79
131.54
33.19
38.46
139.38
135.96
147.86
38.22
899.68
651.49
802.43
421.79
136.43
159.39
873.45
1050.94
84.55
869.47
80.91
83.70
79.51
598.50
77.61
76.48
1112.55
993.44
671.30
929.38
685.79
123.30
79.95
56.67
54.39
45.16
131.29
34.87
908.84
912.80
157.32
927.74
1033.59
813.32
624.43
931.65
809.40
1007.28
992.50
160.09
1000.31
55.22
55.82
71.13
83.82
73.88
81.43
137.90
86.26
112.25
897.18
148.89
140.93
450.76
174.91
157.82
43.88
58.20
739.21
78.96
152.75
728.56
910.02
791.23
1062.39
940.43
804.74
141.08
86.46
933.52
143.39
56.21
825.81
830.72
860.72
633.68
29.63
53.63
899.29
878.39
831.87
131.24
82.94
49.25
788.40
160.06
89.35
55.90
973.16
1086.89
96.45
57.07
137.40
153.99
431.47
49.78
480.78
53.14
41.46
464.64
56.03
149.53
81.60
144.91
764.27
99.14
913.99
108.58
320.76
939.58
345.75
135.42
900.84
155.41
153.67
842.91
55.09
619.73
83.06
762.60
1051.73
1161.86
57.55
947.65
52.65
58.76
83.40
136.13
143.34
83.63
136.15
687.37
194.75
460.00
79.31
647.37
609.19
118.02
64.94
50.82
56.37
52.72
131.74
84.16
41.85
72.53
52.01
473.02
139.88
932.48
657.72
399.99
872.18
44.71
80.40
664.81
81.36
95.79
518.71
771.15
625.08
72.83
105.38
45.96
49.05
60.76
60.22
143.31
160.86
78.53
88.81
1003.42
112.19
66.23
129.80
70.91
74.10
155.17
640.25
149.71
76.12
1051.73
154.99
771.58
552.39
146.70
872.54
864.45
162.27
779.47
1031.30
83.46
142.14
33.35
530.39
45.91
970.68
152.18
1077.40
150.41
67.02
77.46
88.86
117.89
828.26
46.06
155.16
1327.73
816.33
153.56
57.27
155.11
1155.46
159.32
1334.49
152.17
139.85
153.40
723.03
558.94
34.88
1101.45
70.73
136.12
959.58
493.22
81.08
897.95
697.54
120.01
847.85
131.63
118.06
846.82
971.35
85.92
154.46
974.97
55.72
67.43
46.45
55.77
493.16
712.71
146.94
150.54
148.95
990.62
133.19
934.98
1333.64
103.73
75.33
71.97
444.41
484.22
80.34
42.05
45.68
84.15
57.37
659.48
64.50
58.06
708.02
841.89
144.40
41.40
87.47
1047.27
145.15
1184.83
150.70
1208.73
148.69
1215.74
859.84
976.56
820.64
1054.38
728.56
141.61
717.96
149.90
84.31
898.14
117.16
1133.60
120.47
483.49
454.72
72.49
299.94
28.57
78.63
485.06
117.52
114.90
82.17
501.11
140.10
93.10
579.16
638.60
657.11
156.98
144.52
85.11
116.59
163.34
165.65
99.72
964.87
56.07
55.76
57.18
1181.16
147.35
953.25
943.60
1036.91
993.68
85.63
69.96
55.81
1132.07
139.66
142.32
80.81
647.77
90.69
39.82
133.58
72.59
652.91
135.86
80.64
79.75
55.15
161.32
50.39
135.51
41.64
118.03
163.51
1056.77
143.13
62.18
50.16
154.69
49.29
39.18
74.98
84.71
753.29
34.37
807.84
145.71
37.38
84.58
51.22
660.42
46.46
44.94
83.53
39.45
51.83
141.63
19.42
68.34
85.96
72.73
81.60
78.67
953.47
134.60
24.10
641.63
144.06
597.99
54.45
539.39
36.43
831.38
58.59
58.14
58.12
663.76
916.59
145.36
156.08
149.24
819.04
589.09
80.28
1017.29
81.81
40.85
68.44
54.78
54.75
57.98
51.34
447.06
41.78
73.64
129.43
65.91
131.17
78.86
578.13
126.61
514.32
64.33
165.13
478.86
546.63
135.23
52.90
32.54
463.15
76.38
645.38
404.54
474.52
38.46
456.30
40.59
48.89
798.31
828.10
113.28
743.67
533.90
149.38
475.87
53.63
142.51
598.50
81.33
1037.17
83.29
57.63
58.84
676.39
71.39
33.10
925.28
888.06
135.37
148.26
75.67
724.78
84.31
977.01
77.11
80.28
45.90
81.17
60.11
27.89
53.17
555.02
130.14
43.91
41.02
54.93
82.26
92.50
151.41
711.26
79.72
84.46
76.89
142.35
86.38
42.49
734.17
59.65
881.53
83.37
899.29
143.51
955.20
111.77
74.19
136.45
158.34
1002.94
525.54
42.67
43.88
1098.85
812.06
963.10
852.15
127.96
36.25
144.46
84.26
798.15
150.52
88.99
131.61
49.61
711.50
273.78
56.85
120.16
681.89
609.28
1054.91
143.91
788.40
151.20
1054.11
313.19
621.29
76.53
46.68
943.39
136.41
79.75
603.58
40.29
56.31
649.68
136.48
138.54
40.43
666.93
51.06
136.50
637.72
133.24
77.45
726.66
73.96
149.84
58.11
40.55
78.44
74.83
164.61
791.53
81.13
774.29
149.17
46.30
38.65
693.73
141.26
114.84
316.00
50.94
957.17
433.30
35.20
37.90
76.46
166.41
88.79
136.42
41.27
139.16
75.54
782.81
143.72
61.40
780.48
154.54
888.62
867.85
75.71
112.18
138.04
36.37
40.15
134.10
132.14
28.05
859.31
148.64
152.50
56.31
835.02
78.67
58.32
49.25
26.11
13.38
9.45
16.58
3.54
3.80
4.30
8.66
5.95
11.97
3.64
7.40
4.80
7.28
5.07
4.12
5.97
7.41
6.81
4.35
10.06
6.44
3.12
6.81
11.54
10.23
5.13
6.39
3.95
8.19
5.11
4.55
8.59
11.09
4.24
10.58
4.76
5.23
8.27
4.18
8.43
8.36
15.49
5.45
6.99
11.56
7.07
7.53
10.25
4.13
5.99
5.45
6.41
2.95
4.27
5.15
12.08
6.86
13.66
6.94
9.78
8.19
9.82
13.17
20.97
11.30
11.08
8.01
8.35
9.92
6.57
21.89
27.06
14.55
9.07
7.01
4.77
19.48
9.36
5.94
8.48
14.23
50.00
13.03
12.46
12.18
12.44
11.56
9.89
23.25
17.28
55.42
19.96
588.76
217.59
132.19
50.75
15.29
16.85
17.12
10.36
23.91
29.24
12.03
10.90
14.33
7.81
30.38
50.06
11.58
15.64
9.36
143.40
24.24
39.40
147.48
206.51
18.47
47.24
62.03
32.62
93.57
41.68
37.23
21.13
29.18
25.28
21.52
14.34
61.37
28.14
13.82
10.25
43.29
39.21
34.47
23.51
16.09
30.67
22.76
32.97
28.02
31.77
152.18
56.30
45.50
177.56
28.31
79.88
21.66
19.57
75.74
25.54
44.16
29.12
19.25
33.36
47.49
25.17
29.48
271.35
242.01
70.10
33.99
116.98
111.05
21.42
21.71
66.15
37.56
30.04
57.86
18.63
42.27
16.73
19.17
17.30
240.22
54.47
96.74
122.23
538.70
608.49
380.09
55.82
11.81
84.06
439.19
57.57
290.38
116.40
474.90
513.38
553.19
497.01
96.04
498.67
472.54
132.90
58.19
346.38
281.01
12.80
49.04
33.47
34.84
32.58
13.75
27.80
98.86
47.26
31.50
36.39
51.08
17.73
39.94
20.50
38.45
14.70
33.88
23.18
29.70
26.98
14.78
18.32
17.19
17.20
20.59
52.03
142.25
19.48
254.94
53.93
11.62
23.54
19.76
9.41
29.23
46.24
110.46
44.04
23.72
19.96
23.55
22.43
24.31
89.65
25.40
18.96
19.29
16.46
34.93
36.71
100.16
64.56
76.27
70.27
528.98
79.21
510.13
581.33
20.02
39.69
169.95
32.95
26.30
29.57
108.57
21.99
18.34
119.92
12.76
28.24
60.78
25.02
23.76
55.57
44.50
19.05
18.77
32.93
50.14
105.75
39.24
20.47
20.28
18.06
35.88
52.64
16.87
161.92
80.86
19.52
115.64
36.91
17.26
10.30
81.69
31.64
45.44
328.86
50.40
99.07
94.08
85.62
26.65
61.58
53.09
47.06
52.71
23.46
26.90
27.41
8.70
185.38
96.40
25.62
170.08
135.03
20.43
69.33
158.25
14.54
27.81
32.67
27.63
31.16
46.67
61.23
22.63
16.09
16.76
36.65
11.51
34.07
17.66
17.08
11.61
20.09
23.68
18.26
18.13
12.40
70.50
28.73
188.97
50.93
49.37
71.63
96.05
32.12
217.81
86.33
296.77
87.32
279.03
33.24
16.94
65.23
360.96
578.92
36.43
108.77
65.03
285.70
30.14
13.65
28.41
14.79
20.74
36.82
17.49
13.51
18.07
44.92
33.09
34.65
11.96
28.80
21.49
18.61
20.29
26.43
53.92
28.60
38.76
36.40
65.72
19.06
19.93
29.56
154.69
33.13
18.00
16.52
27.33
25.26
54.15
36.96
129.51
38.52
39.21
11.65
19.91
49.11
54.77
33.37
17.93
15.55
90.48
287.77
156.81
39.17
41.18
55.92
205.87
32.55
85.98
103.24
61.28
26.77
27.25
220.29
44.56
55.51
37.59
24.90
106.81
55.71
21.23
13.39
6.56
57.97
33.52
133.35
85.70
196.80
22.71
26.35
14.94
35.45
16.89
75.29
29.36
18.32
39.57
14.28
47.59
88.88
17.02
51.09
31.25
104.79
22.19
21.10
13.37
24.39
16.11
15.29
27.29
29.90
28.32
31.38
254.18
65.08
17.05
36.94
44.06
79.64
42.82
33.40
466.03
251.47
92.49
452.17
420.86
102.43
21.97
104.02
56.15
63.84
31.70
47.23
43.48
27.26
19.95
74.42
59.58
59.33
8.81
31.67
17.60
10.80
20.31
17.37
25.86
33.64
28.44
25.17
35.67
13.81
18.44
9.31
181.56
197.70
82.51
44.48
13.09
149.19
50.66
37.86
246.46
18.32
24.69
16.24
68.69
30.40
33.08
28.14
57.99
300.97
326.08
67.81
266.27
67.96
22.53
9.38
7.64
20.27
7.67
17.99
63.67
296.90
265.26
64.50
62.97
244.85
18.00
68.94
32.53
160.80
40.75
18.81
24.51
117.81
50.29
35.01
23.32
38.85
64.59
94.49
29.59
16.78
39.58
12.47
29.67
17.64
159.12
29.91
201.41
62.15
69.58
29.19
135.40
16.39
21.37
28.74
22.00
6.80
34.63
15.02
28.34
17.77
9.92
20.05
9.58
33.39
20.52
22.74
20.01
176.51
58.08
26.95
11.38
13.20
10.95
14.55
11.71
31.47
23.15
33.48
185.90
30.85
79.30
159.74
25.78
17.86
31.07
259.90
50.27
63.55
42.19
33.48
53.33
15.58
29.68
17.33
38.05
70.61
324.26
43.95
41.88
33.36
9.13
119.74
89.41
37.55
50.18
33.85
82.36
21.65
31.64
66.10
84.69
35.56
41.85
21.28
37.25
35.80
62.47
20.87
20.15
48.98
46.77
30.92
45.87
242.87
248.65
43.68
37.75
49.37
92.58
32.39
102.54
109.02
324.11
53.13
101.71
42.62
200.94
36.24
55.05
107.95
52.19
31.14
39.91
116.69
47.36
51.72
31.89
15.41
71.84
21.19
26.77
38.40
43.35
7.93
15.93
143.17
120.69
50.72
80.32
64.09
165.86
20.44
430.76
420.06
338.52
94.31
85.38
68.27
9.32
7.83
18.07
54.89
52.15
64.40
194.99
22.32
24.49
87.90
110.95
53.88
14.78
36.84
13.50
25.64
75.13
17.42
248.57
215.95
98.74
90.32
167.00
71.45
94.83
80.64
18.45
57.90
44.10
21.57
17.95
32.46
21.47
149.76
45.72
295.27
51.45
16.93
25.26
32.03
50.92
12.23
15.50
30.47
72.03
72.69
469.90
90.17
134.30
124.54
467.91
62.26
48.50
143.99
36.38
12.46
65.81
236.33
28.72
87.54
65.51
34.76
425.77
390.28
429.22
84.93
20.30
340.45
35.96
363.21
59.62
23.91
165.78
129.88
130.28
14.92
69.80
137.25
47.12
49.49
39.99
278.77
48.97
26.80
71.16
45.74
70.41
41.53
14.22
44.62
7.58
36.74
22.51
23.03
13.81
47.08
13.05
22.00
24.88
48.23
29.85
35.95
81.52
31.90
22.54
54.71
156.43
23.89
46.58
45.66
26.95
209.73
43.53
46.01
27.07
32.83
37.97
35.61
106.09
51.09
14.56
21.62
32.71
25.16
75.61
38.83
43.87
22.88
18.78
303.10
32.26
21.93
12.69
18.38
43.96
28.52
194.94
71.52
34.04
64.42
179.49
64.74
59.85
158.51
12.75
9.55
14.69
11.15
17.80
22.80
11.31
31.40
17.08
30.11
22.76
15.45
37.58
30.94
41.92
25.04
17.90
47.94
10.62
342.64
41.03
73.81
72.90
105.12
19.29
33.57
11.50
16.29
16.89
58.63
14.96
57.12
60.24
392.91
37.93
349.03
335.46
22.23
27.82
7.83
42.78
13.17
32.39
31.56
53.85
10.26
34.28
184.71
50.43
51.17
33.51
35.46
21.11
21.53
23.67
30.58
58.55
10.01
62.73
38.05
29.51
352.70
90.28
42.47
61.93
112.86
78.46
69.76
52.84
170.47
111.33
67.47
46.31
96.64
20.18
23.66
17.83
66.69
56.91
18.25
19.46
24.31
45.60
41.32
15.93
8.24
12.67
23.83
13.42
19.92
10.86
14.58
39.85
349.18
39.29
15.34
227.38
217.59
49.38
64.81
213.44
20.56
62.38
20.26
26.94
21.85
15.59
33.85
81.62
33.73
54.10
46.44
30.56
8.32
38.83
117.16
17.27
42.14
35.17
13.21
70.72
30.72
13.28
15.75
24.78
38.22
65.73
47.31
56.77
21.16
15.02
131.59
131.96
120.28
27.91
33.19
334.85
96.37
34.81
13.08
15.82
38.79
23.37
21.81
34.61
80.43
74.35
62.52
68.49
72.19
37.76
24.36
53.80
14.31
114.79
392.47
265.29
77.24
74.92
65.28
394.35
273.33
57.42
150.97
100.05
353.53
273.94
200.22
447.58
459.45
349.82
135.07
12.51
46.76
251.74
79.21
73.18
117.17
67.78
26.69
28.94
72.25
412.62
230.11
29.16
20.73
65.31
59.32
22.80
14.43
36.16
15.51
17.65
16.99
71.87
42.40
15.59
31.53
47.62
221.28
52.97
14.23
19.18
195.05
20.62
42.54
23.33
69.06
53.28
13.03
73.32
196.67
56.91
21.69
23.26
20.44
30.58
26.91
6.02
23.68
105.96
30.73
120.02
72.54
30.41
26.78
11.28
39.03
22.17
38.02
37.12
12.19
21.87
26.30
19.87
84.30
411.81
348.42
328.50
53.91
353.32
35.47
413.31
85.94
27.40
197.83
63.49
52.67
122.88
52.50
74.44
41.92
52.57
14.15
26.24
124.72
12.07
10.01
17.40
50.62
52.90
13.41
14.50
10.90
36.77
99.89
164.93
104.96
37.52
19.14
62.71
46.49
40.43
153.57
157.72
18.10
25.19
72.07
15.54
14.44
24.69
13.05
184.20
87.51
27.08
19.72
19.44
72.52
23.14
15.69
15.99
40.18
49.23
9.80
32.70
13.36
48.82
30.97
11.24
10.75
13.20
26.75
46.96
98.49
49.19
25.20
221.03
29.75
24.09
51.98
109.40
69.93
327.88
63.46
20.98
8.70
17.06
194.01
23.92
57.37
22.60
28.45
39.70
59.35
55.75
78.68
14.99
15.10
33.52
50.18
25.63
46.93
24.52
25.54
28.76
311.27
91.23
45.71
50.61
11.72
72.28
15.04
55.84
16.72
29.19
39.62
26.05
44.51
8.51
33.63
25.20
23.52
32.54
17.85
20.51
55.46
44.32
10.75
32.51
38.88
23.05
37.97
111.56
35.31
73.74
23.40
46.19
502.31
57.90
123.95
463.87
45.91
59.49
28.44
489.59
110.52
69.49
64.17
329.79
433.97
453.34
388.43
112.42
41.61
332.83
420.69
421.28
27.41
91.76
32.38
44.34
21.27
39.31
34.09
54.51
61.11
112.66
21.45
70.66
24.63
40.52
39.49
35.94
14.74
8.33
49.71
337.65
343.35
33.13
45.92
15.21
20.25
164.80
19.58
48.87
40.37
11.05
610.35
16.72
64.24
39.65
42.60
35.93
229.62
320.79
18.79
37.05
340.64
113.00
15.37
47.30
30.45
24.94
22.13
26.83
17.53
17.40
38.72
12.81
540.16
420.69
548.78
110.30
113.01
500.81
52.46
78.18
549.35
19.80
25.58
408.09
50.85
37.94
411.69
71.46
43.59
140.54
52.14
14.53
29.05
34.43
86.67
434.91
480.94
450.66
481.83
127.79
20.31
15.76
25.66
51.01
119.26
21.17
69.24
19.11
20.73
28.12
50.41
78.24
97.44
146.19
17.35
19.06
39.02
52.36
23.33
32.95
52.50
11.78
15.85
15.05
57.95
42.04
16.44
29.31
17.00
18.77
13.88
25.63
82.95
27.88
13.65
37.91
43.65
171.69
19.95
8.33
60.94
44.45
118.16
95.46
29.89
12.68
24.42
13.65
31.29
34.41
11.42
47.55
20.02
13.27
96.87
119.81
127.01
104.79
59.98
367.86
64.40
483.77
15.30
34.44
21.64
66.89
17.60
92.83
27.35
86.76
179.31
57.35
10.69
221.35
136.50
26.58
48.28
55.08
14.36
41.83
98.31
32.48
212.90
317.10
71.99
111.76
107.82
54.71
18.15
45.31
100.35
53.24
88.25
10.50
16.88
21.64
44.94
78.60
38.74
11.23
363.21
25.60
83.40
252.91
62.58
58.46
55.28
65.94
38.13
274.77
32.09
25.12
210.78
23.77
60.38
20.05
55.04
81.74
22.65
66.24
121.08
17.55
207.47
44.89
178.22
344.84
393.87
79.22
94.57
41.73
176.71
25.75
303.76
61.30
19.11
15.45
20.25
66.82
11.65
65.45
37.65
23.90
65.80
80.70
39.03
36.59
50.74
41.15
20.57
26.50
66.66
20.04
14.15
31.40
12.75
33.93
25.06
36.97
14.84
17.80
18.82
14.73
21.23
167.06
148.95
10.71
42.17
50.42
54.28
17.05
8.05
16.60
20.70
48.10
12.31
20.64
17.30
10.65
21.53
41.68
36.38
30.71
37.44
71.99
13.33
106.39
58.11
262.26
67.01
